3
0.5 0.5 0.5
0 0 0 0 0 0 
-0.0362422 0.0622382 0.0229137 -3.58834 6.11957 2.41483 
-0.13664 0.225271 0.118599 -6.12802 9.32113 8.01319 
-0.234205 0.371938 0.267795 -3.78639 5.73901 6.62181 
-0.292059 0.462474 0.384484 -2.05343 3.37701 5.22479 
-0.317422 0.507081 0.485233 -0.488159 1.04157 5.07166 
-0.311044 0.50105 0.59616 1.15844 -1.7562 6.2345 
-0.26901 0.431152 0.741877 3.11564 -5.39959 8.45617 
-0.221203 0.393753 0.738561 1.67895 1.62786 -8.72246 
-0.137464 0.312276 0.650645 6.85799 -10.1786 0.00618137 
0.00714228 0.0907702 0.686029 7.32553 -11.1865 2.53975 
0.145767 -0.110112 0.731067 6.40338 -8.61935 1.97284 
0.261403 -0.251821 0.773852 5.15532 -5.59061 2.5546 
0.351773 -0.334406 0.839652 3.86204 -2.62621 4.07784 
0.414026 -0.351749 0.934598 2.28291 1.12204 5.23908 
0.549404 -0.510558 1.03934 10.9318 -15.8877 3.29837 
0.800266 -0.881496 1.1009 13.6239 -19.6994 1.84931 
1.08397 -1.26606 1.10603 14.6794 -18.41 -1.10196 
1.38835 -1.61178 1.06975 15.8318 -16.1003 -2.20028 
1.72108 -1.90776 1.0282 17.5497 -13.4041 -1.82299 
2.08237 -2.13506 1.00353 18.6141 -9.21811 -0.814952 
2.46567 -2.26774 0.97278 19.6328 -3.73982 -3.16359 
2.85263 -2.27182 0.849458 18.2411 3.5317 -8.94323 
-3.12723 -2.13339 0.677272 11.515 9.79017 -6.32211 
-2.95227 -1.91761 0.624517 6.53583 11.6103 0.214778 
-2.85023 -1.66845 0.645995 3.85578 13.3798 1.26705 
-2.79495 -1.37954 0.661078 1.70315 15.5786 0.0350506 
-2.78095 -1.04296 0.639603 -0.250276 18.1057 -2.42129 
-2.79917 -0.660947 0.555051 -1.21769 19.5129 -6.01185 
-2.79206 -0.34744 0.469888 3.58031 7.59896 2.24468 
-2.73791 -0.132424 0.450197 2.04543 13.7504 -5.19941 

