2
0.5 0.5
0 0 0 0 
0.0344276 -0.0930695 3.39784 -9.16235 
0.0861317 -0.191736 1.84755 -0.937908 
0.108405 -0.131098 0.2944 7.25546 
0.128215 -0.0429403 1.76239 1.3315 
0.180079 -0.08131 3.42041 -5.15145 
0.258833 -0.199405 4.41761 -6.52207 
0.355055 -0.335733 5.16326 -6.94826 
0.464077 -0.471744 5.71673 -6.5394 
0.583127 -0.593556 6.17765 -5.56015 
0.710759 -0.690953 6.57224 -4.09572 
0.813352 -0.660519 3.47108 7.57596 
0.865681 -0.485528 1.75745 9.95749 
0.897141 -0.315215 1.70117 6.19575 
0.945909 -0.272664 3.37175 -2.49846 
0.999803 -0.267367 1.96799 3.16535 
1.04766 -0.198889 2.78627 3.78553 
1.1099 -0.111519 3.40643 5.05606 
1.18338 0.00543529 3.96282 6.58509 
1.27177 0.142294 5.02335 6.67039 
1.39134 0.251372 7.10623 3.71166 
1.56195 0.271657 10.0763 -2.10743 
1.79723 0.155899 13.4072 -9.3605 
2.08461 -0.0570405 14.7062 -9.78168 
2.36763 -0.171526 13.5118 -1.28063 
2.63061 -0.123539 13.0664 5.20891 
2.88832 -0.0315402 12.963 3.13361 
-3.12958 -0.0137481 13.5698 -1.38183 

