2
0.5 0.5
0 0 0 0 
-0.0361654 0.0990113 -3.57615 9.76869 
-0.135464 0.365845 -6.0069 15.772 
-0.264386 0.689417 -6.72694 16.0147 
-0.402595 0.996614 -7.1077 14.6268 
-0.550232 1.27292 -7.70902 12.9652 
-0.713413 1.51265 -8.67614 10.9069 
-0.876414 1.56845 -7.413 -5.39959 
-1.0275 1.37889 -7.1492 -14.215 
-1.16157 1.14468 -6.74317 -8.40348 
-1.31443 1.07258 -8.83788 1.62268 
-1.5105 1.22082 -10.6592 12.6635 
-1.73161 1.55128 -11.1791 19.8232 
-1.92736 1.88492 -8.4525 14.2607 
-2.06812 2.14447 -5.50657 12.1938 
-2.18524 2.368 -6.29379 10.078 
-2.32338 2.5433 -7.60125 7.32687 
-2.49198 2.65602 -9.30772 3.82437 
-2.69669 2.69182 -11.1578 -0.342136 
-2.87484 2.76543 -6.46947 8.16633 
-2.97019 2.94746 -2.81753 10.4178 
-2.98102 -3.09092 1.64858 14.0159 
-2.92233 -2.79255 3.62104 15.262 
-2.85179 -2.49268 3.26686 14.6605 
-2.79398 -2.20463 2.50661 14.2237 
-2.7514 -1.92026 1.75501 14.3043 
-2.72384 -1.62862 0.991646 14.965 
-2.7035 -1.39734 1.39519 7.77228 
-2.66043 -1.34123 3.06748 -2.35297 
-2.58123 -1.48677 4.69176 -11.8307 
-2.48359 -1.79798 4.69275 -18.9915 
-2.42347 -2.07106 1.63669 -8.81588 
-2.40971 -2.15924 -0.147429 -0.065864 
-2.42911 -2.07362 -1.89429 8.69375 
-2.49356 -1.80296 -4.86151 18.8621 
-2.60064 -1.49032 -5.4659 12.2101 
-2.70177 -1.32735 -4.4921 3.76659 
-2.77725 -1.22967 -3.07719 5.92324 
-2.82644 -1.09165 -1.89729 7.89934 
-2.85607 -0.910391 -1.1613 10.386 
-2.87818 -0.664837 -1.23891 14.6423 
-2.90683 -0.386013 -1.38511 12.5962 
-2.92105 -0.197438 0.268395 5.33855 
-2.90832 -0.161835 1.05677 -1.9329 
-2.88009 -0.27071 1.64343 -8.58412 
-2.85041 -0.482296 1.10077 -11.952 
-2.90307 -0.461212 -6.38179 14.245 
-2.97634 -0.342463 -0.57372 -3.6297 
-3.00151 -0.339652 -1.92892 3.87676 
-3.05704 -0.176138 -3.80773 13.048 
-3.09971 -0.00313365 -0.314059 3.78826 

