3
0.5 0.5 0.5
0 0 0 0 0 0 
0.0483576 -0.133308 0.104185 4.42913 -11.9796 8.35879 
0.149892 -0.389672 0.200273 5.34657 -12.406 -0.58269 
0.237908 -0.588444 0.129555 3.63343 -7.99046 -5.81976 
0.2994 -0.722127 -0.0153973 2.58178 -5.62804 -8.27512 
0.34342 -0.824121 -0.181478 1.87297 -4.84242 -7.78222 
0.375946 -0.924117 -0.309611 1.39875 -5.26447 -4.80086 
0.399203 -1.03557 -0.370542 0.90448 -5.84809 -1.30886 
0.410801 -1.15598 -0.363461 0.214684 -6.13547 1.98443 
0.405928 -1.27882 -0.291577 -0.754843 -6.09843 5.2197 
0.365362 -1.32688 -0.336301 -3.11967 0.995907 -9.39582 
0.310216 -1.32466 -0.532953 -2.32285 -1.18342 -9.24758 
0.272702 -1.38144 -0.684437 -1.49693 -4.45337 -5.78227 
0.245552 -1.49644 -0.767513 -1.36828 -6.83759 -2.68766 
0.211469 -1.64669 -0.798037 -2.21072 -7.99682 -0.48386 
0.149958 -1.80927 -0.790014 -4.1293 -8.0915 1.23901 
0.0384819 -1.96322 -0.75009 -7.20878 -7.10606 2.6922 
-0.144378 -2.08466 -0.687731 -11.1465 -4.79779 3.29279 
-0.404789 -2.14578 -0.634564 -14.6869 -1.11465 1.4798 
-0.720211 -2.12373 -0.652169 -16.5612 3.38922 -3.77789 
-1.03154 -2.04542 -0.634599 -14.5123 4.6621 4.5132 
-1.33683 -1.88741 -0.652539 -15.9033 11.314 -6.79757 
-1.6427 -1.63533 -0.819583 -14.6607 13.6086 -9.25466 
-1.92142 -1.35614 -0.994544 -13.1331 13.9332 -7.5202 
-2.16314 -1.09677 -1.09079 -10.868 11.4067 -1.3223 
-2.37546 -0.868561 -1.0561 -10.3332 11.1499 5.26567 
-2.57563 -0.640336 -0.940029 -9.61442 11.3225 6.8197 
-2.75012 -0.439888 -0.788005 -7.57025 7.99002 8.92295 
-2.8722 -0.331319 -0.611373 -4.47916 2.64803 8.34408 
-2.92855 -0.326547 -0.487772 -1.24853 -1.71174 2.98042 
-2.92594 -0.386749 -0.514548 1.4695 -4.33514 -5.36357 

