2
0.5 0.5
0 0 0 0 
-0.0273617 0.0429935 -2.73067 4.28046 
-0.107949 0.166804 -5.25016 7.83005 
-0.232464 0.338736 -7.06356 8.85302 
-0.385938 0.502794 -8.19714 7.17675 
-0.557054 0.611916 -8.81375 3.36892 
-0.728201 0.686775 -8.30736 4.14713 
-0.889401 0.778515 -7.80898 5.03488 
-1.04025 0.888291 -7.26461 5.94399 
-1.17941 1.01642 -6.63369 6.87669 
-1.30474 1.16391 -5.87343 7.89303 
-1.42356 1.27369 -6.02287 3.08426 
-1.54419 1.28441 -5.95376 -2.14062 
-1.68043 1.27099 -7.66552 0.656982 
-1.82845 1.28553 -7.14233 0.864608 
-1.96642 1.30826 -6.66281 1.47348 
-2.09525 1.34688 -6.2249 2.44342 
-2.21305 1.4116 -5.55704 4.09774 
-2.31721 1.51312 -4.84048 6.10274 
-2.40533 1.65746 -3.91981 8.37474 
-2.45467 1.78979 -1.01012 5.0704 
-2.46428 1.87424 0.0438592 3.40665 
-2.4531 1.92681 1.06879 1.8581 
-2.42177 1.94842 2.05735 0.288684 
-2.37115 1.93743 2.99516 -1.42018 
-2.3009 1.89343 4.01938 -3.0386 
-2.21078 1.81313 4.98384 -5.07123 
-2.10168 1.68679 5.9304 -7.67558 
-1.99666 1.54456 4.56291 -6.37838 
-1.91982 1.43822 3.10065 -4.10265 
-1.87347 1.3857 1.5173 -1.05126 
-1.83372 1.38582 2.47131 1.01754 
-1.79375 1.43479 1.54944 3.85328 
-1.77045 1.53799 0.819708 6.40139 
-1.75918 1.68806 0.355646 8.53918 
-1.72998 1.79002 2.45743 1.75818 
-1.6956 1.79712 0.956254 -1.00347 
-1.69213 1.79128 -0.609597 0.425776 
-1.69767 1.78094 0.0596943 -1.46191 
-1.70944 1.74267 -1.21567 -2.3723 
-1.74516 1.68528 -2.32158 -3.39739 
-1.8006 1.60517 -3.17202 -4.66264 
-1.8698 1.49653 -3.68652 -6.26444 
-1.94538 1.35182 -3.80029 -8.2827 
-2.04285 1.25984 -6.0747 -0.775529 
-2.19009 1.31667 -8.61674 6.12246 
-2.37042 1.39944 -9.36817 1.97876 
-2.57175 1.46338 -10.7435 4.18584 
-2.79933 1.55734 -11.9969 4.97264 
-3.05415 1.6429 -13.4468 3.28391 
2.98324 1.65378 -11.0364 -1.84369 
2.79057 1.58218 -8.19449 -5.01917 
2.65506 1.46354 -5.40711 -6.61694 
2.57128 1.32538 -3.0615 -7.02786 
2.52882 1.18849 -1.27768 -6.52463 
2.5167 1.06949 -0.0126038 -5.25723 
2.51445 1.01301 -0.285073 -0.236558 
2.50484 1.06093 -0.623136 4.91378 
2.50633 1.14164 0.760183 3.20634 
2.53502 1.18996 2.10666 1.62073 
2.59061 1.20534 3.45505 -0.13243 
2.67339 1.18178 4.82974 -2.32053 
2.78434 1.10734 6.28974 -5.29543 
2.89006 1.04548 4.26119 -0.685429 
2.98379 1.00618 5.1172 -3.31504 
3.05166 1.03206 1.74376 5.84774 
3.08759 1.11149 1.77108 2.23424 
3.12052 1.1249 1.49644 -0.847377 
-3.13588 1.07809 1.20057 -3.85652 
-3.11303 0.96801 1.14967 -7.27207 
-3.08414 0.837369 1.68702 -5.68974 
-3.04918 0.772306 1.7592 -0.69605 
-3.01474 0.72583 1.70065 -3.98739 
-2.97949 0.608795 1.89709 -7.89977 
-2.96321 0.53837 -0.401563 1.2582 
-2.94265 0.500946 2.50945 -5.17829 
-2.89343 0.379861 2.42525 -6.95237 
-2.85026 0.237358 1.84981 -7.15036 
-2.82168 0.101331 0.946426 -6.25216 
-2.8144 -0.00626982 -0.248491 -4.40909 
-2.8321 -0.0734297 -1.52091 -2.30695 
-2.87499 -0.0991142 -2.76121 -0.278695 
-2.94228 -0.0851457 -3.96169 1.66311 
-3.01168 -0.0922675 -2.99802 -2.31738 
-3.09355 -0.0649664 -5.17772 5.0215 

